G=57.021463735
A=71.037113805
S=87.032028435
P=97.052763875
V=99.068413945
T=101.047678505
C=103.009184505
L=113.084064015
I=113.084064015
N=114.04292747
D=115.026943065
Q=128.05857754
K=128.09496305
E=129.042593135
M=131.040484645
H=137.058911875
F=147.068413945
R=156.10111105
Y=163.063328575
W=186.07931298
O=132.08987768
B=0.0
J=0.0
U=0.0
X=0.0
Z=0.0